Model_ID, [(c_i,i=0,n)_j,j=1,ntask]
           1    0.6380884674E+01    0.6702504691E+00
           2    0.6394029553E+01    0.2175383971E+00
           3    0.6394122794E+01    0.2175368198E+00
           4    0.6393852086E+01    0.6922635728E-01
           5    0.6393840911E+01    0.2175324279E+00
           6    0.6375282556E+01   -0.5340847307E+00
           7    0.6392409218E+01    0.2178711328E+00
           8    0.6375795114E+01    0.1467445899E+01
           9    0.6604242017E+01   -0.2230297556E+00
          10    0.6334636338E+01    0.2712325784E+00
