        Rank        RMSE       MaxAE  Feature_ID
           1    0.494732    3.303014  (       1)
           2    0.494955    3.260169  (       2)
           3    0.494957    3.260263  (       3)
           4    0.494960    3.260021  (       4)
           5    0.494968    3.259984  (       5)
           6    0.495076    3.301969  (       6)
           7    0.495115    3.258410  (       7)
           8    0.495156    3.306731  (       8)
           9    0.495191    3.272916  (       9)
          10    0.495217    3.304781  (      10)
