Model_ID, [(c_i,i=0,n)_j,j=1,ntask]
           1    0.6271253003E+01   -0.5663059147E+00
           2    0.6272239950E+01   -0.4935346295E+00
           3    0.6265925267E+01   -0.5648084728E+00
           4    0.6267146621E+01    0.5469015203E+00
           5    0.6221907735E+01    0.5633197813E+00
           6    0.6257816768E+01   -0.3746291077E+00
           7    0.6244109907E+01    0.5586900494E+00
           8    0.6420091266E+01   -0.8666397102E+00
           9    0.6271282867E+01    0.5264894010E+00
          10    0.7643319712E+01   -0.3067223736E+01
