        Rank        RMSE       MaxAE  Feature_ID
           1    0.562297    3.778486  (       1)
           2    0.562317    3.779528  (       2)
           3    0.562341    3.773221  (       3)
           4    0.562386    3.774677  (       4)
           5    0.562394    3.776561  (       5)
           6    0.562398    3.765094  (       6)
           7    0.562400    3.775557  (       7)
           8    0.562426    3.764485  (       8)
           9    0.562438    3.778620  (       9)
          10    0.562441    3.769604  (      10)
